090600:0,0.0125;1,0.9;2,0.0125;3,0.0125;4,0.0125;5,0.0125;6,0.0125;7,0.0125;8,0.0125;
080600:0,0.9;1,0.0125;2,0.0125;3,0.0125;4,0.0125;5,0.0125;6,0.0125;7,0.0125;8,0.0125;
090500:0,0.0125;1,0.0125;2,0.0125;3,0.0125;4,0.9;5,0.0125;6,0.0125;7,0.0125;8,0.0125;
080500:0,0.9;1,0.0125;2,0.0125;3,0.0125;4,0.0125;5,0.0125;6,0.0125;7,0.0125;8,0.0125;
0A0600:0,0.9;1,0.0125;2,0.0125;3,0.0125;4,0.0125;5,0.0125;6,0.0125;7,0.0125;8,0.0125;
0A0700:0,0.0125;1,0.9;2,0.0125;3,0.0125;4,0.0125;5,0.0125;6,0.0125;7,0.0125;8,0.0125;
060700:0,0.9;1,0.0125;2,0.0125;3,0.0125;4,0.0125;5,0.0125;6,0.0125;7,0.0125;8,0.0125;
060600:0,0.0125;1,0.0125;2,0.0125;3,0.0125;4,0.0125;5,0.0125;6,0.9;7,0.0125;8,0.0125;
020600:0,0.0125;1,0.9;2,0.0125;3,0.0125;4,0.0125;5,0.0125;6,0.0125;7,0.0125;8,0.0125;
020E00:0,0.0125;1,0.0125;2,0.0125;3,0.0125;4,0.0125;5,0.0125;6,0.9;7,0.0125;8,0.0125;
040600:0,0.0125;1,0.9;2,0.0125;3,0.0125;4,0.0125;5,0.0125;6,0.0125;7,0.0125;8,0.0125;
020500:0,0.0125;1,0.0125;2,0.0125;3,0.0125;4,0.0125;5,0.0125;6,0.9;7,0.0125;8,0.0125;
090900:0,0.0125;1,0.0125;2,0.0125;3,0.9;4,0.0125;5,0.0125;6,0.0125;7,0.0125;8,0.0125;
090100:0,0.0125;1,0.0125;2,0.0125;3,0.0125;4,0.0125;5,0.0125;6,0.0125;7,0.0125;8,0.9;
000A00:0,0.0125;1,0.9;2,0.0125;3,0.0125;4,0.0125;5,0.0125;6,0.0125;7,0.0125;8,0.0125;
000E00:0,0.9;1,0.0125;2,0.0125;3,0.0125;4,0.0125;5,0.0125;6,0.0125;7,0.0125;8,0.0125;
000D08:0,0.9;1,0.0125;2,0.0125;3,0.0125;4,0.0125;5,0.0125;6,0.0125;7,0.0125;8,0.0125;
000900:0,0.0125;1,0.0125;2,0.9;3,0.0125;4,0.0125;5,0.0125;6,0.0125;7,0.0125;8,0.0125;
060900:0,0.0125;1,0.0125;2,0.0125;3,0.0125;4,0.0125;5,0.0125;6,0.9;7,0.0125;8,0.0125;
060A00:0,0.0125;1,0.0125;2,0.0125;3,0.9;4,0.0125;5,0.0125;6,0.0125;7,0.0125;8,0.0125;
020A00:0,0.9;1,0.0125;2,0.0125;3,0.0125;4,0.0125;5,0.0125;6,0.0125;7,0.0125;8,0.0125;
0A0A00:0,0.0125;1,0.0125;2,0.9;3,0.0125;4,0.0125;5,0.0125;6,0.0125;7,0.0125;8,0.0125;
0A0900:0,0.0125;1,0.0125;2,0.9;3,0.0125;4,0.0125;5,0.0125;6,0.0125;7,0.0125;8,0.0125;
080900:0,0.0125;1,0.0125;2,0.0125;3,0.0125;4,0.0125;5,0.9;6,0.0125;7,0.0125;8,0.0125;
0A0B00:0,0.0125;1,0.0125;2,0.9;3,0.0125;4,0.0125;5,0.0125;6,0.0125;7,0.0125;8,0.0125;
080B00:0,0.0125;1,0.0125;2,0.0125;3,0.9;4,0.0125;5,0.0125;6,0.0125;7,0.0125;8,0.0125;
080A00:0,0.0125;1,0.0125;2,0.9;3,0.0125;4,0.0125;5,0.0125;6,0.0125;7,0.0125;8,0.0125;
010500:0,0.0125;1,0.0125;2,0.9;3,0.0125;4,0.0125;5,0.0125;6,0.0125;7,0.0125;8,0.0125;
050600:0,0.0125;1,0.0125;2,0.0125;3,0.9;4,0.0125;5,0.0125;6,0.0125;7,0.0125;8,0.0125;
040900:0,0.0125;1,0.0125;2,0.9;3,0.0125;4,0.0125;5,0.0125;6,0.0125;7,0.0125;8,0.0125;
090E00:0,0.0125;1,0.0125;2,0.0125;3,0.9;4,0.0125;5,0.0125;6,0.0125;7,0.0125;8,0.0125;
090F00:0,0.0125;1,0.0125;2,0.0125;3,0.0125;4,0.9;5,0.0125;6,0.0125;7,0.0125;8,0.0125;
010700:0,0.0125;1,0.0125;2,0.0125;3,0.0125;4,0.0125;5,0.0125;6,0.9;7,0.0125;8,0.0125;
040500:0,0.0125;1,0.0125;2,0.0125;3,0.9;4,0.0125;5,0.0125;6,0.0125;7,0.0125;8,0.0125;
0A0E00:0,0.0125;1,0.0125;2,0.0125;3,0.0125;4,0.0125;5,0.0125;6,0.9;7,0.0125;8,0.0125;
060E00:0,0.0125;1,0.0125;2,0.0125;3,0.0125;4,0.9;5,0.0125;6,0.0125;7,0.0125;8,0.0125;
050E00:0,0.0125;1,0.0125;2,0.0125;3,0.0125;4,0.0125;5,0.0125;6,0.0125;7,0.0125;8,0.9;
000D00:0,0.9;1,0.0125;2,0.0125;3,0.0125;4,0.0125;5,0.0125;6,0.0125;7,0.0125;8,0.0125;
000500:0,0.0125;1,0.0125;2,0.0125;3,0.0125;4,0.0125;5,0.9;6,0.0125;7,0.0125;8,0.0125;
090D00:0,0.0125;1,0.0125;2,0.9;3,0.0125;4,0.0125;5,0.0125;6,0.0125;7,0.0125;8,0.0125;
0A0500:0,0.9;1,0.0125;2,0.0125;3,0.0125;4,0.0125;5,0.0125;6,0.0125;7,0.0125;8,0.0125;
0A0100:0,0.0125;1,0.0125;2,0.0125;3,0.0125;4,0.0125;5,0.9;6,0.0125;7,0.0125;8,0.0125;
010400:0,0.0125;1,0.0125;2,0.0125;3,0.0125;4,0.0125;5,0.0125;6,0.0125;7,0.9;8,0.0125;
090400:0,0.9;1,0.0125;2,0.0125;3,0.0125;4,0.0125;5,0.0125;6,0.0125;7,0.0125;8,0.0125;
050400:0,0.0125;1,0.9;2,0.0125;3,0.0125;4,0.0125;5,0.0125;6,0.0125;7,0.0125;8,0.0125;
050500:0,0.9;1,0.0125;2,0.0125;3,0.0125;4,0.0125;5,0.0125;6,0.0125;7,0.0125;8,0.0125;
010D00:0,0.0125;1,0.0125;2,0.0125;3,0.0125;4,0.0125;5,0.0125;6,0.0125;7,0.9;8,0.0125;
090A00:0,0.0125;1,0.0125;2,0.0125;3,0.0125;4,0.0125;5,0.0125;6,0.0125;7,0.9;8,0.0125;
0A0400:0,0.0125;1,0.0125;2,0.0125;3,0.0125;4,0.9;5,0.0125;6,0.0125;7,0.0125;8,0.0125;
040400:0,0.0125;1,0.0125;2,0.0125;3,0.0125;4,0.0125;5,0.0125;6,0.0125;7,0.0125;8,0.9;
050D00:0,0.0125;1,0.0125;2,0.0125;3,0.0125;4,0.9;5,0.0125;6,0.0125;7,0.0125;8,0.0125;
040A00:0,0.0125;1,0.0125;2,0.0125;3,0.9;4,0.0125;5,0.0125;6,0.0125;7,0.0125;8,0.0125;
060200:0,0.0125;1,0.0125;2,0.0125;3,0.0125;4,0.0125;5,0.0125;6,0.9;7,0.0125;8,0.0125;
090800:0,0.0125;1,0.0125;2,0.0125;3,0.0125;4,0.0125;5,0.9;6,0.0125;7,0.0125;8,0.0125;
010800:0,0.0125;1,0.0125;2,0.0125;3,0.0125;4,0.0125;5,0.0125;6,0.0125;7,0.0125;8,0.9;
010E00:0,0.0125;1,0.9;2,0.0125;3,0.0125;4,0.0125;5,0.0125;6,0.0125;7,0.0125;8,0.0125;
010900:0,0.0125;1,0.0125;2,0.0125;3,0.0125;4,0.0125;5,0.0125;6,0.9;7,0.0125;8,0.0125;
020400:0,0.0125;1,0.0125;2,0.9;3,0.0125;4,0.0125;5,0.0125;6,0.0125;7,0.0125;8,0.0125;
050900:0,0.0125;1,0.0125;2,0.0125;3,0.0125;4,0.0125;5,0.0125;6,0.0125;7,0.9;8,0.0125;
050B00:0,0.0125;1,0.0125;2,0.0125;3,0.0125;4,0.0125;5,0.0125;6,0.9;7,0.0125;8,0.0125;
050A00:0,0.0125;1,0.0125;2,0.9;3,0.0125;4,0.0125;5,0.0125;6,0.0125;7,0.0125;8,0.0125;
060500:0,0.0125;1,0.0125;2,0.0125;3,0.9;4,0.0125;5,0.0125;6,0.0125;7,0.0125;8,0.0125;
090700:0,0.0125;1,0.0125;2,0.0125;3,0.0125;4,0.0125;5,0.0125;6,0.0125;7,0.9;8,0.0125;
080700:0,0.0125;1,0.0125;2,0.0125;3,0.0125;4,0.0125;5,0.0125;6,0.0125;7,0.0125;8,0.9;
060000:0,0.0125;1,0.9;2,0.0125;3,0.0125;4,0.0125;5,0.0125;6,0.0125;7,0.0125;8,0.0125;
010600:0,0.0125;1,0.0125;2,0.9;3,0.0125;4,0.0125;5,0.0125;6,0.0125;7,0.0125;8,0.0125;
060D00:0,0.0125;1,0.0125;2,0.0125;3,0.0125;4,0.0125;5,0.0125;6,0.0125;7,0.9;8,0.0125;
020900:0,0.9;1,0.0125;2,0.0125;3,0.0125;4,0.0125;5,0.0125;6,0.0125;7,0.0125;8,0.0125;
050000:0,0.0125;1,0.0125;2,0.0125;3,0.0125;4,0.0125;5,0.0125;6,0.0125;7,0.0125;8,0.9;
090000:0,0.9;1,0.0125;2,0.0125;3,0.0125;4,0.0125;5,0.0125;6,0.0125;7,0.0125;8,0.0125;
080000:0,0.0125;1,0.0125;2,0.0125;3,0.0125;4,0.0125;5,0.9;6,0.0125;7,0.0125;8,0.0125;
000600:0,0.0125;1,0.0125;2,0.0125;3,0.0125;4,0.0125;5,0.0125;6,0.0125;7,0.9;8,0.0125;
010A00:0,0.0125;1,0.0125;2,0.0125;3,0.0125;4,0.0125;5,0.0125;6,0.0125;7,0.9;8,0.0125;
040000:0,0.0125;1,0.9;2,0.0125;3,0.0125;4,0.0125;5,0.0125;6,0.0125;7,0.0125;8,0.0125;
090C00:0,0.9;1,0.0125;2,0.0125;3,0.0125;4,0.0125;5,0.0125;6,0.0125;7,0.0125;8,0.0125;
080C00:0,0.9;1,0.0125;2,0.0125;3,0.0125;4,0.0125;5,0.0125;6,0.0125;7,0.0125;8,0.0125;
0A0000:0,0.0125;1,0.0125;2,0.0125;3,0.0125;4,0.0125;5,0.0125;6,0.0125;7,0.0125;8,0.9;
090B00:0,0.0125;1,0.0125;2,0.0125;3,0.9;4,0.0125;5,0.0125;6,0.0125;7,0.0125;8,0.0125;
010000:0,0.0125;1,0.0125;2,0.9;3,0.0125;4,0.0125;5,0.0125;6,0.0125;7,0.0125;8,0.0125;
000000:0,0.0125;1,0.0125;2,0.0125;3,0.0125;4,0.9;5,0.0125;6,0.0125;7,0.0125;8,0.0125;
050608:0,0.0125;1,0.0125;2,0.0125;3,0.0125;4,0.0125;5,0.0125;6,0.0125;7,0.9;8,0.0125;
000E08:0,0.0125;1,0.0125;2,0.0125;3,0.0125;4,0.9;5,0.0125;6,0.0125;7,0.0125;8,0.0125;
060B00:0,0.0125;1,0.0125;2,0.0125;3,0.0125;4,0.0125;5,0.0125;6,0.9;7,0.0125;8,0.0125;
090A02:0,0.0125;1,0.9;2,0.0125;3,0.0125;4,0.0125;5,0.0125;6,0.0125;7,0.0125;8,0.0125;
050700:0,0.0125;1,0.0125;2,0.0125;3,0.0125;4,0.0125;5,0.0125;6,0.0125;7,0.0125;8,0.9;
050502:0,0.0125;1,0.0125;2,0.0125;3,0.0125;4,0.0125;5,0.0125;6,0.0125;7,0.0125;8,0.9;
050100:0,0.0125;1,0.0125;2,0.0125;3,0.9;4,0.0125;5,0.0125;6,0.0125;7,0.0125;8,0.0125;
050A02:0,0.0125;1,0.0125;2,0.0125;3,0.0125;4,0.0125;5,0.0125;6,0.9;7,0.0125;8,0.0125;
000400:0,0.0125;1,0.9;2,0.0125;3,0.0125;4,0.0125;5,0.0125;6,0.0125;7,0.0125;8,0.0125;
050008:0,0.0125;1,0.0125;2,0.9;3,0.0125;4,0.0125;5,0.0125;6,0.0125;7,0.0125;8,0.0125;
020B00:0,0.0125;1,0.0125;2,0.0125;3,0.0125;4,0.9;5,0.0125;6,0.0125;7,0.0125;8,0.0125;
050408:0,0.0125;1,0.0125;2,0.0125;3,0.0125;4,0.0125;5,0.9;6,0.0125;7,0.0125;8,0.0125;
000A02:0,0.0125;1,0.0125;2,0.0125;3,0.0125;4,0.9;5,0.0125;6,0.0125;7,0.0125;8,0.0125;
000A0A:0,0.0125;1,0.0125;2,0.0125;3,0.0125;4,0.9;5,0.0125;6,0.0125;7,0.0125;8,0.0125;
020700:0,0.0125;1,0.0125;2,0.0125;3,0.0125;4,0.0125;5,0.9;6,0.0125;7,0.0125;8,0.0125;
040700:0,0.0125;1,0.0125;2,0.0125;3,0.0125;4,0.0125;5,0.9;6,0.0125;7,0.0125;8,0.0125;
060608:0,0.0125;1,0.0125;2,0.0125;3,0.0125;4,0.0125;5,0.0125;6,0.0125;7,0.0125;8,0.9;
0A060A:0,0.0125;1,0.0125;2,0.0125;3,0.9;4,0.0125;5,0.0125;6,0.0125;7,0.0125;8,0.0125;
060400:0,0.9;1,0.0125;2,0.0125;3,0.0125;4,0.0125;5,0.0125;6,0.0125;7,0.0125;8,0.0125;
040800:0,0.0125;1,0.0125;2,0.0125;3,0.0125;4,0.0125;5,0.9;6,0.0125;7,0.0125;8,0.0125;
020000:0,0.0125;1,0.0125;2,0.0125;3,0.0125;4,0.0125;5,0.9;6,0.0125;7,0.0125;8,0.0125;
040E00:0,0.0125;1,0.0125;2,0.0125;3,0.0125;4,0.0125;5,0.0125;6,0.0125;7,0.0125;8,0.9;
040D00:0,0.0125;1,0.0125;2,0.0125;3,0.0125;4,0.0125;5,0.0125;6,0.0125;7,0.0125;8,0.9;
010C00:0,0.0125;1,0.0125;2,0.0125;3,0.0125;4,0.0125;5,0.0125;6,0.0125;7,0.9;8,0.0125;
0A0502:0,0.9;1,0.0125;2,0.0125;3,0.0125;4,0.0125;5,0.0125;6,0.0125;7,0.0125;8,0.0125;
0A050A:0,0.0125;1,0.0125;2,0.0125;3,0.0125;4,0.0125;5,0.0125;6,0.9;7,0.0125;8,0.0125;
08050A:0,0.0125;1,0.0125;2,0.0125;3,0.0125;4,0.0125;5,0.0125;6,0.0125;7,0.9;8,0.0125;
090502:0,0.0125;1,0.0125;2,0.0125;3,0.0125;4,0.0125;5,0.0125;6,0.9;7,0.0125;8,0.0125;
080502:0,0.0125;1,0.0125;2,0.0125;3,0.9;4,0.0125;5,0.0125;6,0.0125;7,0.0125;8,0.0125;
000100:0,0.0125;1,0.0125;2,0.0125;3,0.0125;4,0.0125;5,0.0125;6,0.0125;7,0.0125;8,0.9;
000602:0,0.0125;1,0.0125;2,0.0125;3,0.0125;4,0.0125;5,0.9;6,0.0125;7,0.0125;8,0.0125;
0A0D00:0,0.0125;1,0.9;2,0.0125;3,0.0125;4,0.0125;5,0.0125;6,0.0125;7,0.0125;8,0.0125;
080400:0,0.0125;1,0.0125;2,0.0125;3,0.0125;4,0.9;5,0.0125;6,0.0125;7,0.0125;8,0.0125;
050800:0,0.0125;1,0.0125;2,0.0125;3,0.0125;4,0.0125;5,0.9;6,0.0125;7,0.0125;8,0.0125;
050A0A:0,0.0125;1,0.0125;2,0.0125;3,0.0125;4,0.9;5,0.0125;6,0.0125;7,0.0125;8,0.0125;
050808:0,0.0125;1,0.0125;2,0.0125;3,0.0125;4,0.0125;5,0.0125;6,0.0125;7,0.0125;8,0.9;
090D0A:0,0.0125;1,0.0125;2,0.9;3,0.0125;4,0.0125;5,0.0125;6,0.0125;7,0.0125;8,0.0125;
080D0A:0,0.0125;1,0.0125;2,0.9;3,0.0125;4,0.0125;5,0.0125;6,0.0125;7,0.0125;8,0.0125;
010B00:0,0.0125;1,0.0125;2,0.0125;3,0.0125;4,0.0125;5,0.9;6,0.0125;7,0.0125;8,0.0125;
040200:0,0.0125;1,0.0125;2,0.9;3,0.0125;4,0.0125;5,0.0125;6,0.0125;7,0.0125;8,0.0125;
090D08:0,0.0125;1,0.0125;2,0.0125;3,0.0125;4,0.0125;5,0.0125;6,0.9;7,0.0125;8,0.0125;
09050A:0,0.0125;1,0.9;2,0.0125;3,0.0125;4,0.0125;5,0.0125;6,0.0125;7,0.0125;8,0.0125;
060602:0,0.0125;1,0.0125;2,0.9;3,0.0125;4,0.0125;5,0.0125;6,0.0125;7,0.0125;8,0.0125;
05090A:0,0.9;1,0.0125;2,0.0125;3,0.0125;4,0.0125;5,0.0125;6,0.0125;7,0.0125;8,0.0125;
0A0F00:0,0.0125;1,0.0125;2,0.9;3,0.0125;4,0.0125;5,0.0125;6,0.0125;7,0.0125;8,0.0125;
020200:0,0.0125;1,0.0125;2,0.0125;3,0.0125;4,0.0125;5,0.0125;6,0.0125;7,0.0125;8,0.9;
080E00:0,0.0125;1,0.0125;2,0.0125;3,0.9;4,0.0125;5,0.0125;6,0.0125;7,0.0125;8,0.0125;
080D00:0,0.0125;1,0.0125;2,0.0125;3,0.0125;4,0.0125;5,0.0125;6,0.9;7,0.0125;8,0.0125;
000700:0,0.9;1,0.0125;2,0.0125;3,0.0125;4,0.0125;5,0.0125;6,0.0125;7,0.0125;8,0.0125;
000200:0,0.0125;1,0.0125;2,0.9;3,0.0125;4,0.0125;5,0.0125;6,0.0125;7,0.0125;8,0.0125;
06060A:0,0.0125;1,0.0125;2,0.0125;3,0.0125;4,0.0125;5,0.0125;6,0.9;7,0.0125;8,0.0125;
010F00:0,0.0125;1,0.0125;2,0.0125;3,0.0125;4,0.0125;5,0.9;6,0.0125;7,0.0125;8,0.0125;
000800:0,0.0125;1,0.9;2,0.0125;3,0.0125;4,0.0125;5,0.0125;6,0.0125;7,0.0125;8,0.0125;
000B00:0,0.0125;1,0.0125;2,0.0125;3,0.9;4,0.0125;5,0.0125;6,0.0125;7,0.0125;8,0.0125;
060800:0,0.0125;1,0.9;2,0.0125;3,0.0125;4,0.0125;5,0.0125;6,0.0125;7,0.0125;8,0.0125;
020800:0,0.9;1,0.0125;2,0.0125;3,0.0125;4,0.0125;5,0.0125;6,0.0125;7,0.0125;8,0.0125;
04090A:0,0.0125;1,0.0125;2,0.0125;3,0.0125;4,0.9;5,0.0125;6,0.0125;7,0.0125;8,0.0125;
050908:0,0.0125;1,0.0125;2,0.0125;3,0.0125;4,0.0125;5,0.0125;6,0.9;7,0.0125;8,0.0125;
040B00:0,0.9;1,0.0125;2,0.0125;3,0.0125;4,0.0125;5,0.0125;6,0.0125;7,0.0125;8,0.0125;
060802:0,0.0125;1,0.0125;2,0.0125;3,0.0125;4,0.9;5,0.0125;6,0.0125;7,0.0125;8,0.0125;
06080A:0,0.0125;1,0.0125;2,0.0125;3,0.0125;4,0.0125;5,0.0125;6,0.0125;7,0.0125;8,0.9;
02050A:0,0.0125;1,0.0125;2,0.0125;3,0.0125;4,0.9;5,0.0125;6,0.0125;7,0.0125;8,0.0125;
020D00:0,0.0125;1,0.0125;2,0.9;3,0.0125;4,0.0125;5,0.0125;6,0.0125;7,0.0125;8,0.0125;
00050A:0,0.0125;1,0.0125;2,0.0125;3,0.0125;4,0.9;5,0.0125;6,0.0125;7,0.0125;8,0.0125;
050602:0,0.0125;1,0.0125;2,0.0125;3,0.0125;4,0.0125;5,0.0125;6,0.9;7,0.0125;8,0.0125;
05060A:0,0.0125;1,0.0125;2,0.0125;3,0.0125;4,0.0125;5,0.0125;6,0.0125;7,0.9;8,0.0125;
080800:0,0.0125;1,0.0125;2,0.0125;3,0.0125;4,0.0125;5,0.9;6,0.0125;7,0.0125;8,0.0125;
080A0A:0,0.0125;1,0.0125;2,0.0125;3,0.0125;4,0.9;5,0.0125;6,0.0125;7,0.0125;8,0.0125;
050F00:0,0.9;1,0.0125;2,0.0125;3,0.0125;4,0.0125;5,0.0125;6,0.0125;7,0.0125;8,0.0125;
040300:0,0.9;1,0.0125;2,0.0125;3,0.0125;4,0.0125;5,0.0125;6,0.0125;7,0.0125;8,0.0125;
0A0300:0,0.0125;1,0.0125;2,0.0125;3,0.0125;4,0.0125;5,0.0125;6,0.0125;7,0.9;8,0.0125;
0A0200:0,0.0125;1,0.0125;2,0.0125;3,0.0125;4,0.0125;5,0.9;6,0.0125;7,0.0125;8,0.0125;
0A0608:0,0.9;1,0.0125;2,0.0125;3,0.0125;4,0.0125;5,0.0125;6,0.0125;7,0.0125;8,0.0125;
010508:0,0.0125;1,0.0125;2,0.9;3,0.0125;4,0.0125;5,0.0125;6,0.0125;7,0.0125;8,0.0125;
01050A:0,0.0125;1,0.9;2,0.0125;3,0.0125;4,0.0125;5,0.0125;6,0.0125;7,0.0125;8,0.0125;
010502:0,0.0125;1,0.9;2,0.0125;3,0.0125;4,0.0125;5,0.0125;6,0.0125;7,0.0125;8,0.0125;
050200:0,0.0125;1,0.0125;2,0.0125;3,0.0125;4,0.0125;5,0.9;6,0.0125;7,0.0125;8,0.0125;
090602:0,0.0125;1,0.0125;2,0.0125;3,0.0125;4,0.0125;5,0.0125;6,0.0125;7,0.9;8,0.0125;
08090A:0,0.0125;1,0.0125;2,0.0125;3,0.9;4,0.0125;5,0.0125;6,0.0125;7,0.0125;8,0.0125;
09090A:0,0.0125;1,0.0125;2,0.9;3,0.0125;4,0.0125;5,0.0125;6,0.0125;7,0.0125;8,0.0125;
010A02:0,0.9;1,0.0125;2,0.0125;3,0.0125;4,0.0125;5,0.0125;6,0.0125;7,0.0125;8,0.0125;
000300:0,0.0125;1,0.0125;2,0.9;3,0.0125;4,0.0125;5,0.0125;6,0.0125;7,0.0125;8,0.0125;
010200:0,0.0125;1,0.0125;2,0.0125;3,0.0125;4,0.0125;5,0.9;6,0.0125;7,0.0125;8,0.0125;
05070A:0,0.0125;1,0.0125;2,0.0125;3,0.0125;4,0.0125;5,0.0125;6,0.0125;7,0.0125;8,0.9;
020A0A:0,0.0125;1,0.0125;2,0.9;3,0.0125;4,0.0125;5,0.0125;6,0.0125;7,0.0125;8,0.0125;
020A08:0,0.0125;1,0.0125;2,0.0125;3,0.0125;4,0.0125;5,0.0125;6,0.0125;7,0.0125;8,0.9;
00060A:0,0.0125;1,0.0125;2,0.0125;3,0.0125;4,0.0125;5,0.9;6,0.0125;7,0.0125;8,0.0125;
020100:0,0.0125;1,0.0125;2,0.9;3,0.0125;4,0.0125;5,0.0125;6,0.0125;7,0.0125;8,0.0125;
080100:0,0.0125;1,0.0125;2,0.0125;3,0.0125;4,0.0125;5,0.9;6,0.0125;7,0.0125;8,0.0125;
060A08:0,0.0125;1,0.0125;2,0.0125;3,0.0125;4,0.9;5,0.0125;6,0.0125;7,0.0125;8,0.0125;
00090A:0,0.0125;1,0.0125;2,0.0125;3,0.0125;4,0.9;5,0.0125;6,0.0125;7,0.0125;8,0.0125;
040602:0,0.0125;1,0.0125;2,0.0125;3,0.0125;4,0.0125;5,0.9;6,0.0125;7,0.0125;8,0.0125;
090508:0,0.0125;1,0.0125;2,0.0125;3,0.9;4,0.0125;5,0.0125;6,0.0125;7,0.0125;8,0.0125;
060100:0,0.0125;1,0.0125;2,0.0125;3,0.0125;4,0.0125;5,0.0125;6,0.0125;7,0.0125;8,0.9;
0A0800:0,0.0125;1,0.0125;2,0.0125;3,0.9;4,0.0125;5,0.0125;6,0.0125;7,0.0125;8,0.0125;
050C00:0,0.0125;1,0.0125;2,0.0125;3,0.9;4,0.0125;5,0.0125;6,0.0125;7,0.0125;8,0.0125;
08060A:0,0.0125;1,0.0125;2,0.0125;3,0.0125;4,0.0125;5,0.0125;6,0.0125;7,0.0125;8,0.9;
040008:0,0.9;1,0.0125;2,0.0125;3,0.0125;4,0.0125;5,0.0125;6,0.0125;7,0.0125;8,0.0125;
00070A:0,0.0125;1,0.0125;2,0.0125;3,0.9;4,0.0125;5,0.0125;6,0.0125;7,0.0125;8,0.0125;
000F00:0,0.0125;1,0.0125;2,0.0125;3,0.9;4,0.0125;5,0.0125;6,0.0125;7,0.0125;8,0.0125;
090A0A:0,0.9;1,0.0125;2,0.0125;3,0.0125;4,0.0125;5,0.0125;6,0.0125;7,0.0125;8,0.0125;
0A0A0A:0,0.0125;1,0.0125;2,0.0125;3,0.0125;4,0.0125;5,0.9;6,0.0125;7,0.0125;8,0.0125;
020508:0,0.0125;1,0.0125;2,0.0125;3,0.0125;4,0.0125;5,0.9;6,0.0125;7,0.0125;8,0.0125;
020F00:0,0.0125;1,0.0125;2,0.0125;3,0.0125;4,0.0125;5,0.9;6,0.0125;7,0.0125;8,0.0125;
090108:0,0.0125;1,0.0125;2,0.0125;3,0.0125;4,0.0125;5,0.0125;6,0.0125;7,0.9;8,0.0125;
09010A:0,0.0125;1,0.0125;2,0.0125;3,0.0125;4,0.0125;5,0.9;6,0.0125;7,0.0125;8,0.0125;
040608:0,0.0125;1,0.0125;2,0.0125;3,0.0125;4,0.0125;5,0.0125;6,0.9;7,0.0125;8,0.0125;
060508:0,0.0125;1,0.0125;2,0.0125;3,0.9;4,0.0125;5,0.0125;6,0.0125;7,0.0125;8,0.0125;
0A0D02:0,0.0125;1,0.0125;2,0.0125;3,0.0125;4,0.0125;5,0.0125;6,0.0125;7,0.0125;8,0.9;
040F00:0,0.0125;1,0.0125;2,0.0125;3,0.0125;4,0.9;5,0.0125;6,0.0125;7,0.0125;8,0.0125;
060F00:0,0.0125;1,0.0125;2,0.0125;3,0.0125;4,0.0125;5,0.0125;6,0.9;7,0.0125;8,0.0125;
0A0C00:0,0.0125;1,0.0125;2,0.9;3,0.0125;4,0.0125;5,0.0125;6,0.0125;7,0.0125;8,0.0125;
040100:0,0.0125;1,0.0125;2,0.9;3,0.0125;4,0.0125;5,0.0125;6,0.0125;7,0.0125;8,0.0125;
080F00:0,0.0125;1,0.0125;2,0.0125;3,0.0125;4,0.9;5,0.0125;6,0.0125;7,0.0125;8,0.0125;
05000A:0,0.0125;1,0.0125;2,0.0125;3,0.0125;4,0.9;5,0.0125;6,0.0125;7,0.0125;8,0.0125;
090A08:0,0.0125;1,0.0125;2,0.0125;3,0.0125;4,0.0125;5,0.0125;6,0.0125;7,0.0125;8,0.9;
050A08:0,0.9;1,0.0125;2,0.0125;3,0.0125;4,0.0125;5,0.0125;6,0.0125;7,0.0125;8,0.0125;
050902:0,0.0125;1,0.0125;2,0.0125;3,0.0125;4,0.0125;5,0.9;6,0.0125;7,0.0125;8,0.0125;
050D0A:0,0.0125;1,0.0125;2,0.9;3,0.0125;4,0.0125;5,0.0125;6,0.0125;7,0.0125;8,0.0125;
09060A:0,0.0125;1,0.0125;2,0.0125;3,0.0125;4,0.9;5,0.0125;6,0.0125;7,0.0125;8,0.0125;
090908:0,0.0125;1,0.0125;2,0.0125;3,0.0125;4,0.0125;5,0.0125;6,0.0125;7,0.9;8,0.0125;
000908:0,0.0125;1,0.0125;2,0.0125;3,0.0125;4,0.0125;5,0.0125;6,0.9;7,0.0125;8,0.0125;
060D02:0,0.0125;1,0.0125;2,0.0125;3,0.0125;4,0.9;5,0.0125;6,0.0125;7,0.0125;8,0.0125;
040A02:0,0.0125;1,0.0125;2,0.0125;3,0.0125;4,0.0125;5,0.0125;6,0.0125;7,0.0125;8,0.9;
040B0A:0,0.0125;1,0.0125;2,0.0125;3,0.0125;4,0.0125;5,0.0125;6,0.9;7,0.0125;8,0.0125;
080E0A:0,0.0125;1,0.0125;2,0.0125;3,0.0125;4,0.0125;5,0.0125;6,0.9;7,0.0125;8,0.0125;
0A0602:0,0.9;1,0.0125;2,0.0125;3,0.0125;4,0.0125;5,0.0125;6,0.0125;7,0.0125;8,0.0125;
0A0E02:0,0.0125;1,0.9;2,0.0125;3,0.0125;4,0.0125;5,0.0125;6,0.0125;7,0.0125;8,0.0125;
080A02:0,0.0125;1,0.0125;2,0.0125;3,0.0125;4,0.0125;5,0.9;6,0.0125;7,0.0125;8,0.0125;
05050A:0,0.0125;1,0.0125;2,0.0125;3,0.9;4,0.0125;5,0.0125;6,0.0125;7,0.0125;8,0.0125;
040A0A:0,0.0125;1,0.0125;2,0.0125;3,0.0125;4,0.0125;5,0.0125;6,0.0125;7,0.9;8,0.0125;
040902:0,0.0125;1,0.0125;2,0.0125;3,0.0125;4,0.0125;5,0.9;6,0.0125;7,0.0125;8,0.0125;
050D08:0,0.0125;1,0.0125;2,0.0125;3,0.0125;4,0.9;5,0.0125;6,0.0125;7,0.0125;8,0.0125;
000B08:0,0.0125;1,0.9;2,0.0125;3,0.0125;4,0.0125;5,0.0125;6,0.0125;7,0.0125;8,0.0125;
060300:0,0.9;1,0.0125;2,0.0125;3,0.0125;4,0.0125;5,0.0125;6,0.0125;7,0.0125;8,0.0125;
0A0902:0,0.0125;1,0.0125;2,0.0125;3,0.0125;4,0.0125;5,0.0125;6,0.0125;7,0.0125;8,0.9;
02060A:0,0.0125;1,0.0125;2,0.0125;3,0.0125;4,0.0125;5,0.0125;6,0.0125;7,0.9;8,0.0125;
000502:0,0.0125;1,0.0125;2,0.9;3,0.0125;4,0.0125;5,0.0125;6,0.0125;7,0.0125;8,0.0125;
090608:0,0.0125;1,0.0125;2,0.0125;3,0.0125;4,0.0125;5,0.9;6,0.0125;7,0.0125;8,0.0125;
