000000:0,0.0125;1,0.9;2,0.0125;3,0.0125;4,0.0125;5,0.0125;6,0.0125;7,0.0125;8,0.0125;
0A0A00:0,0.0125;1,0.9;2,0.0125;3,0.0125;4,0.0125;5,0.0125;6,0.0125;7,0.0125;8,0.0125;
080A00:0,0.9;1,0.0125;2,0.0125;3,0.0125;4,0.0125;5,0.0125;6,0.0125;7,0.0125;8,0.0125;
0A0000:0,0.0125;1,0.0125;2,0.0125;3,0.0125;4,0.0125;5,0.0125;6,0.0125;7,0.0125;8,0.9;
080000:0,0.0125;1,0.0125;2,0.0125;3,0.0125;4,0.0125;5,0.0125;6,0.9;7,0.0125;8,0.0125;
090000:0,0.0125;1,0.0125;2,0.0125;3,0.0125;4,0.0125;5,0.0125;6,0.9;7,0.0125;8,0.0125;
090008:0,0.0125;1,0.0125;2,0.0125;3,0.0125;4,0.9;5,0.0125;6,0.0125;7,0.0125;8,0.0125;
000A00:0,0.0125;1,0.0125;2,0.9;3,0.0125;4,0.0125;5,0.0125;6,0.0125;7,0.0125;8,0.0125;
060000:0,0.0125;1,0.0125;2,0.0125;3,0.0125;4,0.0125;5,0.9;6,0.0125;7,0.0125;8,0.0125;
040000:0,0.0125;1,0.0125;2,0.0125;3,0.0125;4,0.9;5,0.0125;6,0.0125;7,0.0125;8,0.0125;
050000:0,0.0125;1,0.0125;2,0.9;3,0.0125;4,0.0125;5,0.0125;6,0.0125;7,0.0125;8,0.0125;
000600:0,0.0125;1,0.0125;2,0.0125;3,0.0125;4,0.9;5,0.0125;6,0.0125;7,0.0125;8,0.0125;
0A0900:0,0.0125;1,0.0125;2,0.0125;3,0.9;4,0.0125;5,0.0125;6,0.0125;7,0.0125;8,0.0125;
080900:0,0.0125;1,0.0125;2,0.0125;3,0.0125;4,0.0125;5,0.0125;6,0.0125;7,0.0125;8,0.9;
050600:0,0.0125;1,0.0125;2,0.0125;3,0.0125;4,0.0125;5,0.9;6,0.0125;7,0.0125;8,0.0125;
010E00:0,0.0125;1,0.0125;2,0.9;3,0.0125;4,0.0125;5,0.0125;6,0.0125;7,0.0125;8,0.0125;
090E00:0,0.0125;1,0.0125;2,0.0125;3,0.0125;4,0.0125;5,0.0125;6,0.0125;7,0.9;8,0.0125;
090500:0,0.9;1,0.0125;2,0.0125;3,0.0125;4,0.0125;5,0.0125;6,0.0125;7,0.0125;8,0.0125;
090D00:0,0.0125;1,0.9;2,0.0125;3,0.0125;4,0.0125;5,0.0125;6,0.0125;7,0.0125;8,0.0125;
000D00:0,0.0125;1,0.0125;2,0.0125;3,0.0125;4,0.0125;5,0.9;6,0.0125;7,0.0125;8,0.0125;
000900:0,0.0125;1,0.0125;2,0.9;3,0.0125;4,0.0125;5,0.0125;6,0.0125;7,0.0125;8,0.0125;
000908:0,0.9;1,0.0125;2,0.0125;3,0.0125;4,0.0125;5,0.0125;6,0.0125;7,0.0125;8,0.0125;
000B00:0,0.0125;1,0.0125;2,0.0125;3,0.0125;4,0.0125;5,0.0125;6,0.9;7,0.0125;8,0.0125;
090900:0,0.0125;1,0.0125;2,0.0125;3,0.0125;4,0.0125;5,0.0125;6,0.0125;7,0.9;8,0.0125;
090B00:0,0.0125;1,0.0125;2,0.0125;3,0.0125;4,0.9;5,0.0125;6,0.0125;7,0.0125;8,0.0125;
080B00:0,0.0125;1,0.9;2,0.0125;3,0.0125;4,0.0125;5,0.0125;6,0.0125;7,0.0125;8,0.0125;
0A0B00:0,0.0125;1,0.0125;2,0.0125;3,0.0125;4,0.0125;5,0.0125;6,0.0125;7,0.9;8,0.0125;
0A0700:0,0.0125;1,0.0125;2,0.0125;3,0.0125;4,0.0125;5,0.9;6,0.0125;7,0.0125;8,0.0125;
