0A0700:0,0.025;1,0.025;2,0.9;3,0.025;4,0.025;
0A0600:0,0.025;1,0.9;2,0.025;3,0.025;4,0.025;
000A00:0,0.025;1,0.025;2,0.9;3,0.025;4,0.025;
000000:0,0.025;1,0.025;2,0.025;3,0.025;4,0.9;
000900:0,0.025;1,0.025;2,0.025;3,0.025;4,0.9;
090500:0,0.025;1,0.9;2,0.025;3,0.025;4,0.025;
010500:0,0.025;1,0.9;2,0.025;3,0.025;4,0.025;
050500:0,0.025;1,0.025;2,0.9;3,0.025;4,0.025;
060500:0,0.025;1,0.025;2,0.025;3,0.9;4,0.025;
040500:0,0.025;1,0.025;2,0.025;3,0.025;4,0.9;
040700:0,0.025;1,0.025;2,0.025;3,0.9;4,0.025;
000700:0,0.025;1,0.025;2,0.025;3,0.9;4,0.025;
000600:0,0.025;1,0.025;2,0.9;3,0.025;4,0.025;
000D00:0,0.025;1,0.025;2,0.025;3,0.025;4,0.9;
0A0E00:0,0.025;1,0.9;2,0.025;3,0.025;4,0.025;
060E00:0,0.9;1,0.025;2,0.025;3,0.025;4,0.025;
020E00:0,0.025;1,0.025;2,0.9;3,0.025;4,0.025;
040E00:0,0.9;1,0.025;2,0.025;3,0.025;4,0.025;
050900:0,0.025;1,0.9;2,0.025;3,0.025;4,0.025;
010900:0,0.9;1,0.025;2,0.025;3,0.025;4,0.025;
090900:0,0.025;1,0.025;2,0.025;3,0.025;4,0.9;
060700:0,0.025;1,0.025;2,0.025;3,0.025;4,0.9;
000602:0,0.025;1,0.025;2,0.025;3,0.025;4,0.9;
050700:0,0.025;1,0.025;2,0.025;3,0.9;4,0.025;
