090D00:0,0.2167121;1,0.01037251;2,0.2404561;3,0.2027079;4,0.3297512;
090900:0,0.0612882;1,0.2646903;2,0.1163733;3,0.3367167;4,0.2209315;
090500:0,0.2167121;1,0.01037251;2,0.2404561;3,0.2027079;4,0.3297512;
080500:0,0.06561158;1,0.157053;2,0.300872;3,0.2462898;4,0.2301736;
0A0500:0,0.4501777;1,0.01786135;2,0.226303;3,0.1583197;4,0.1473382;
020500:0,0.08526781;1,0.6418864;2,0.1283115;3,0.02671739;4,0.1178169;
060500:0,0.145711;1,0.09940685;2,0.4992135;3,0.06378698;4,0.1918817;
060700:0,0.2870881;1,0.2666365;2,0.0346329;3,0.291761;4,0.1198816;
020700:0,0.1651454;1,0.098171;2,0.01658779;3,0.2775058;4,0.4425899;
060600:0,0.1353506;1,0.03599249;2,0.3634279;3,0.3433126;4,0.1219165;
060000:0,0.18443;1,0.2358149;2,0.2511985;3,0.223995;4,0.1045615;
020000:0,0.1753871;1,0.2966819;2,0.3576713;3,0.1086042;4,0.06165561;
0A0000:0,0.1875577;1,0.07615051;2,0.3382914;3,0.1607849;4,0.2372154;
0A0600:0,0.06375979;1,0.4079619;2,0.1682889;3,0.292079;4,0.06791043;
080600:0,0.4134752;1,0.04185306;2,0.01585015;3,0.03315838;4,0.4956631;
090600:0,0.09261674;1,0.03581933;2,0.3217825;3,0.4761152;4,0.07366625;
050B00:0,0.09261674;1,0.03581933;2,0.3217825;3,0.4761152;4,0.07366625;
000B00:0,0.1015213;1,0.2329681;2,0.1954477;3,0.213571;4,0.256492;
000A00:0,0.2029175;1,0.2602226;2,0.09934764;3,0.2281161;4,0.2093963;
000900:0,0.2109407;1,0.1969828;2,0.04847053;3,0.2627772;4,0.2808288;
050900:0,0.3422504;1,0.204846;2,0.01966671;3,0.3774728;4,0.05576408;
040B00:0,0.3146196;1,0.1706682;2,0.06465214;3,0.2208552;4,0.2292048;
050A00:0,0.04943019;1,0.3411826;2,0.3647909;3,0.111512;4,0.1330843;
060A00:0,0.3402265;1,0.2304743;2,0.306544;3,0.04923018;4,0.07352505;
040A00:0,0.1143194;1,0.1183045;2,0.5417515;3,0.09277473;4,0.1328499;
0A0A00:0,0.2575507;1,0.2965128;2,0.3046452;3,0.07719935;4,0.06409187;
020A00:0,0.4478303;1,0.04840974;2,0.1257619;3,0.2207911;4,0.157207;
000100:0,0.2385148;1,0.111529;2,0.3672123;3,0.128381;4,0.1543629;
000500:0,0.2879366;1,0.04853535;2,0.2656107;3,0.1621335;4,0.2357838;
080700:0,0.1232981;1,0.2214774;2,0.1647885;3,0.2417317;4,0.2487042;
090700:0,0.3641722;1,0.04636514;2,0.159106;3,0.05470487;4,0.3756519;
0A0700:0,0.07526021;1,0.1301334;2,0.1225802;3,0.1039724;4,0.5680537;
020600:0,0.1502506;1,0.1342138;2,0.4430331;3,0.2002396;4,0.07226287;
050D00:0,0.3099001;1,0.1041512;2,0.08239604;3,0.3685996;4,0.134953;
000D00:0,0.7802662;1,0.07338821;2,0.01553948;3,0.07757206;4,0.0532342;
080900:0,0.3676433;1,0.1658264;2,0.16742;3,0.2395113;4,0.05959905;
0A0900:0,0.05751294;1,0.1658693;2,0.1689664;3,0.3925646;4,0.2150868;
0A090A:0,0.1313907;1,0.02752482;2,0.07880531;3,0.6557231;4,0.106556;
02090A:0,0.01992396;1,0.1854424;2,0.05452233;3,0.1246249;4,0.6154864;
080A00:0,0.08769286;1,0.4858733;2,0.293116;3,0.0943455;4,0.03897226;
090A00:0,0.5430107;1,0.1995215;2,0.07720187;3,0.08064407;4,0.09962199;
090A02:0,0.2011838;1,0.2209587;2,0.2487146;3,0.2993581;4,0.02978491;
000000:0,0.06722202;1,0.2916679;2,0.20046;3,0.1250836;4,0.3155665;
000902:0,0.09785551;1,0.2348829;2,0.002760964;3,0.4536939;4,0.2108067;
050902:0,0.1756763;1,0.432013;2,0.3010197;3,0.05740409;4,0.03388697;
