000D00:0,0.025;1,0.025;2,0.025;3,0.025;4,0.9;
000500:0,0.025;1,0.025;2,0.9;3,0.025;4,0.025;
000700:0,0.025;1,0.025;2,0.9;3,0.025;4,0.025;
000B00:0,0.025;1,0.9;2,0.025;3,0.025;4,0.025;
000900:0,0.025;1,0.9;2,0.025;3,0.025;4,0.025;
000100:0,0.9;1,0.025;2,0.025;3,0.025;4,0.025;
050500:0,0.9;1,0.025;2,0.025;3,0.025;4,0.025;
010500:0,0.025;1,0.025;2,0.9;3,0.025;4,0.025;
090D00:0,0.025;1,0.9;2,0.025;3,0.025;4,0.025;
0A0E00:0,0.025;1,0.025;2,0.025;3,0.025;4,0.9;
0A0700:0,0.025;1,0.9;2,0.025;3,0.025;4,0.025;
000300:0,0.9;1,0.025;2,0.025;3,0.025;4,0.025;
000200:0,0.025;1,0.9;2,0.025;3,0.025;4,0.025;
000600:0,0.025;1,0.025;2,0.025;3,0.025;4,0.9;
000A00:0,0.025;1,0.9;2,0.025;3,0.025;4,0.025;
020A00:0,0.025;1,0.9;2,0.025;3,0.025;4,0.025;
060A00:0,0.025;1,0.025;2,0.025;3,0.9;4,0.025;
060800:0,0.025;1,0.025;2,0.025;3,0.025;4,0.9;
040600:0,0.025;1,0.025;2,0.9;3,0.025;4,0.025;
010600:0,0.025;1,0.9;2,0.025;3,0.025;4,0.025;
050600:0,0.9;1,0.025;2,0.025;3,0.025;4,0.025;
040700:0,0.025;1,0.025;2,0.9;3,0.025;4,0.025;
060600:0,0.9;1,0.025;2,0.025;3,0.025;4,0.025;
060700:0,0.025;1,0.9;2,0.025;3,0.025;4,0.025;
060500:0,0.025;1,0.025;2,0.025;3,0.025;4,0.9;
040500:0,0.025;1,0.025;2,0.025;3,0.9;4,0.025;
060400:0,0.025;1,0.025;2,0.025;3,0.9;4,0.025;
040400:0,0.025;1,0.025;2,0.025;3,0.9;4,0.025;
050400:0,0.025;1,0.025;2,0.025;3,0.025;4,0.9;
060000:0,0.9;1,0.025;2,0.025;3,0.025;4,0.025;
000000:0,0.025;1,0.9;2,0.025;3,0.025;4,0.025;
0A0D00:0,0.025;1,0.025;2,0.9;3,0.025;4,0.025;
0A0500:0,0.025;1,0.025;2,0.9;3,0.025;4,0.025;
0A050A:0,0.025;1,0.025;2,0.025;3,0.025;4,0.9;
0A0600:0,0.9;1,0.025;2,0.025;3,0.025;4,0.025;
0A0100:0,0.025;1,0.025;2,0.9;3,0.025;4,0.025;
0A0900:0,0.025;1,0.025;2,0.9;3,0.025;4,0.025;
090900:0,0.025;1,0.025;2,0.025;3,0.025;4,0.9;
000400:0,0.025;1,0.025;2,0.025;3,0.9;4,0.025;
050000:0,0.025;1,0.9;2,0.025;3,0.025;4,0.025;
090600:0,0.9;1,0.025;2,0.025;3,0.025;4,0.025;
010400:0,0.025;1,0.025;2,0.025;3,0.025;4,0.9;
010402:0,0.025;1,0.025;2,0.025;3,0.025;4,0.9;
01040A:0,0.025;1,0.025;2,0.9;3,0.025;4,0.025;
09040A:0,0.025;1,0.025;2,0.9;3,0.025;4,0.025;
050402:0,0.025;1,0.025;2,0.025;3,0.9;4,0.025;
000800:0,0.025;1,0.025;2,0.9;3,0.025;4,0.025;
060900:0,0.025;1,0.025;2,0.9;3,0.025;4,0.025;
020500:0,0.025;1,0.025;2,0.025;3,0.025;4,0.9;
020400:0,0.025;1,0.025;2,0.025;3,0.9;4,0.025;
020600:0,0.025;1,0.025;2,0.025;3,0.025;4,0.9;
0A0400:0,0.025;1,0.025;2,0.025;3,0.9;4,0.025;
0A0000:0,0.9;1,0.025;2,0.025;3,0.025;4,0.025;
080000:0,0.025;1,0.025;2,0.025;3,0.025;4,0.9;
000F00:0,0.025;1,0.025;2,0.025;3,0.025;4,0.9;
050900:0,0.9;1,0.025;2,0.025;3,0.025;4,0.025;
020000:0,0.025;1,0.9;2,0.025;3,0.025;4,0.025;
010900:0,0.025;1,0.025;2,0.9;3,0.025;4,0.025;
050B00:0,0.9;1,0.025;2,0.025;3,0.025;4,0.025;
050D00:0,0.025;1,0.025;2,0.025;3,0.025;4,0.9;
050800:0,0.025;1,0.025;2,0.025;3,0.025;4,0.9;
040800:0,0.025;1,0.025;2,0.025;3,0.025;4,0.9;
020800:0,0.025;1,0.025;2,0.025;3,0.025;4,0.9;
0A0800:0,0.025;1,0.025;2,0.9;3,0.025;4,0.025;
050A00:0,0.025;1,0.025;2,0.9;3,0.025;4,0.025;
050E00:0,0.025;1,0.025;2,0.9;3,0.025;4,0.025;
050F00:0,0.025;1,0.025;2,0.9;3,0.025;4,0.025;
060D00:0,0.025;1,0.025;2,0.9;3,0.025;4,0.025;
060E00:0,0.9;1,0.025;2,0.025;3,0.025;4,0.025;
020E00:0,0.025;1,0.025;2,0.025;3,0.9;4,0.025;
060B00:0,0.9;1,0.025;2,0.025;3,0.025;4,0.025;
060300:0,0.025;1,0.025;2,0.025;3,0.025;4,0.9;
060200:0,0.025;1,0.025;2,0.025;3,0.025;4,0.9;
040000:0,0.025;1,0.9;2,0.025;3,0.025;4,0.025;
020D00:0,0.025;1,0.9;2,0.025;3,0.025;4,0.025;
0A0A00:0,0.025;1,0.025;2,0.025;3,0.025;4,0.9;
00090A:0,0.025;1,0.025;2,0.025;3,0.025;4,0.9;
05090A:0,0.025;1,0.9;2,0.025;3,0.025;4,0.025;
000902:0,0.9;1,0.025;2,0.025;3,0.025;4,0.025;
010100:0,0.9;1,0.025;2,0.025;3,0.025;4,0.025;
050100:0,0.025;1,0.9;2,0.025;3,0.025;4,0.025;
090000:0,0.9;1,0.025;2,0.025;3,0.025;4,0.025;
020900:0,0.025;1,0.025;2,0.025;3,0.025;4,0.9;
0A0F00:0,0.025;1,0.9;2,0.025;3,0.025;4,0.025;
000E00:0,0.025;1,0.025;2,0.025;3,0.9;4,0.025;
060F00:0,0.025;1,0.9;2,0.025;3,0.025;4,0.025;
020B00:0,0.025;1,0.025;2,0.025;3,0.025;4,0.9;
020100:0,0.025;1,0.025;2,0.025;3,0.025;4,0.9;
090A00:0,0.025;1,0.9;2,0.025;3,0.025;4,0.025;
090B00:0,0.025;1,0.025;2,0.025;3,0.9;4,0.025;
050700:0,0.025;1,0.025;2,0.025;3,0.9;4,0.025;
090500:0,0.025;1,0.025;2,0.9;3,0.025;4,0.025;
090800:0,0.025;1,0.9;2,0.025;3,0.025;4,0.025;
010000:0,0.025;1,0.025;2,0.9;3,0.025;4,0.025;
010E00:0,0.9;1,0.025;2,0.025;3,0.025;4,0.025;
090E00:0,0.9;1,0.025;2,0.025;3,0.025;4,0.025;
05050A:0,0.025;1,0.025;2,0.025;3,0.025;4,0.9;
090F00:0,0.025;1,0.025;2,0.9;3,0.025;4,0.025;
010F00:0,0.025;1,0.025;2,0.9;3,0.025;4,0.025;
090002:0,0.025;1,0.025;2,0.025;3,0.9;4,0.025;
010002:0,0.025;1,0.025;2,0.9;3,0.025;4,0.025;
060100:0,0.025;1,0.025;2,0.025;3,0.025;4,0.9;
090400:0,0.025;1,0.025;2,0.025;3,0.025;4,0.9;
050002:0,0.9;1,0.025;2,0.025;3,0.025;4,0.025;
090700:0,0.025;1,0.025;2,0.025;3,0.9;4,0.025;
050300:0,0.025;1,0.025;2,0.025;3,0.025;4,0.9;
080900:0,0.025;1,0.025;2,0.9;3,0.025;4,0.025;
080D00:0,0.025;1,0.025;2,0.025;3,0.025;4,0.9;
0A0902:0,0.025;1,0.9;2,0.025;3,0.025;4,0.025;
09090A:0,0.025;1,0.025;2,0.9;3,0.025;4,0.025;
090908:0,0.025;1,0.9;2,0.025;3,0.025;4,0.025;
080500:0,0.9;1,0.025;2,0.025;3,0.025;4,0.025;
010D00:0,0.025;1,0.025;2,0.025;3,0.9;4,0.025;
0A0602:0,0.9;1,0.025;2,0.025;3,0.025;4,0.025;
0A0200:0,0.025;1,0.025;2,0.025;3,0.9;4,0.025;
080200:0,0.9;1,0.025;2,0.025;3,0.025;4,0.025;
090200:0,0.025;1,0.025;2,0.9;3,0.025;4,0.025;
090502:0,0.025;1,0.025;2,0.9;3,0.025;4,0.025;
090D0A:0,0.025;1,0.9;2,0.025;3,0.025;4,0.025;
0A0D08:0,0.9;1,0.025;2,0.025;3,0.025;4,0.025;
0A0C0A:0,0.025;1,0.9;2,0.025;3,0.025;4,0.025;
0A0402:0,0.025;1,0.025;2,0.9;3,0.025;4,0.025;
010700:0,0.9;1,0.025;2,0.025;3,0.025;4,0.025;
050200:0,0.025;1,0.9;2,0.025;3,0.025;4,0.025;
010200:0,0.025;1,0.025;2,0.025;3,0.025;4,0.9;
040F00:0,0.025;1,0.025;2,0.025;3,0.9;4,0.025;
01050A:0,0.9;1,0.025;2,0.025;3,0.025;4,0.025;
020700:0,0.025;1,0.025;2,0.025;3,0.025;4,0.9;
080E00:0,0.9;1,0.025;2,0.025;3,0.025;4,0.025;
010A00:0,0.025;1,0.025;2,0.025;3,0.025;4,0.9;
080B00:0,0.9;1,0.025;2,0.025;3,0.025;4,0.025;
060C00:0,0.025;1,0.025;2,0.9;3,0.025;4,0.025;
050608:0,0.025;1,0.025;2,0.025;3,0.025;4,0.9;
010800:0,0.9;1,0.025;2,0.025;3,0.025;4,0.025;
000C00:0,0.025;1,0.025;2,0.9;3,0.025;4,0.025;
080A00:0,0.025;1,0.9;2,0.025;3,0.025;4,0.025;
000508:0,0.025;1,0.025;2,0.025;3,0.9;4,0.025;
040B00:0,0.025;1,0.025;2,0.025;3,0.9;4,0.025;
00060A:0,0.025;1,0.025;2,0.025;3,0.025;4,0.9;
050602:0,0.9;1,0.025;2,0.025;3,0.025;4,0.025;
000602:0,0.9;1,0.025;2,0.025;3,0.025;4,0.025;
050B0A:0,0.025;1,0.025;2,0.025;3,0.025;4,0.9;
050908:0,0.9;1,0.025;2,0.025;3,0.025;4,0.025;
000608:0,0.025;1,0.025;2,0.025;3,0.9;4,0.025;
010300:0,0.025;1,0.025;2,0.9;3,0.025;4,0.025;
040900:0,0.025;1,0.025;2,0.025;3,0.025;4,0.9;
000E08:0,0.025;1,0.025;2,0.9;3,0.025;4,0.025;
050C00:0,0.9;1,0.025;2,0.025;3,0.025;4,0.025;
040A00:0,0.025;1,0.025;2,0.9;3,0.025;4,0.025;
090300:0,0.025;1,0.9;2,0.025;3,0.025;4,0.025;
090100:0,0.025;1,0.025;2,0.025;3,0.9;4,0.025;
000502:0,0.9;1,0.025;2,0.025;3,0.025;4,0.025;
010B00:0,0.025;1,0.9;2,0.025;3,0.025;4,0.025;
090E08:0,0.025;1,0.025;2,0.025;3,0.9;4,0.025;
010E08:0,0.025;1,0.025;2,0.025;3,0.025;4,0.9;
080100:0,0.025;1,0.025;2,0.025;3,0.025;4,0.9;
05000A:0,0.025;1,0.025;2,0.025;3,0.025;4,0.9;
000002:0,0.025;1,0.025;2,0.025;3,0.9;4,0.025;
050708:0,0.025;1,0.025;2,0.9;3,0.025;4,0.025;
060502:0,0.9;1,0.025;2,0.025;3,0.025;4,0.025;
090B08:0,0.9;1,0.025;2,0.025;3,0.025;4,0.025;
060002:0,0.9;1,0.025;2,0.025;3,0.025;4,0.025;
090B0A:0,0.025;1,0.025;2,0.025;3,0.025;4,0.9;
090F02:0,0.025;1,0.025;2,0.025;3,0.025;4,0.9;
00050A:0,0.025;1,0.025;2,0.025;3,0.025;4,0.9;
09050A:0,0.025;1,0.025;2,0.025;3,0.025;4,0.9;
000D0A:0,0.025;1,0.9;2,0.025;3,0.025;4,0.025;
0A0B00:0,0.025;1,0.025;2,0.025;3,0.9;4,0.025;
0A0B0A:0,0.9;1,0.025;2,0.025;3,0.025;4,0.025;
0A0B02:0,0.025;1,0.025;2,0.025;3,0.9;4,0.025;
090608:0,0.9;1,0.025;2,0.025;3,0.025;4,0.025;
090102:0,0.9;1,0.025;2,0.025;3,0.025;4,0.025;
000008:0,0.025;1,0.025;2,0.025;3,0.9;4,0.025;
090A0A:0,0.025;1,0.025;2,0.9;3,0.025;4,0.025;
040200:0,0.025;1,0.025;2,0.025;3,0.025;4,0.9;
0A060A:0,0.025;1,0.025;2,0.025;3,0.9;4,0.025;
040D00:0,0.9;1,0.025;2,0.025;3,0.025;4,0.025;
09060A:0,0.025;1,0.9;2,0.025;3,0.025;4,0.025;
01060A:0,0.025;1,0.025;2,0.9;3,0.025;4,0.025;
090E02:0,0.025;1,0.9;2,0.025;3,0.025;4,0.025;
050E02:0,0.025;1,0.025;2,0.9;3,0.025;4,0.025;
050A0A:0,0.025;1,0.025;2,0.9;3,0.025;4,0.025;
050A08:0,0.025;1,0.025;2,0.025;3,0.9;4,0.025;
090A02:0,0.025;1,0.025;2,0.025;3,0.025;4,0.9;
060102:0,0.025;1,0.9;2,0.025;3,0.025;4,0.025;
020200:0,0.025;1,0.025;2,0.9;3,0.025;4,0.025;
080600:0,0.025;1,0.025;2,0.025;3,0.9;4,0.025;
080700:0,0.025;1,0.025;2,0.025;3,0.9;4,0.025;
080F00:0,0.025;1,0.025;2,0.025;3,0.9;4,0.025;
000D02:0,0.9;1,0.025;2,0.025;3,0.025;4,0.025;
01090A:0,0.025;1,0.9;2,0.025;3,0.025;4,0.025;
0A0508:0,0.025;1,0.025;2,0.025;3,0.025;4,0.9;
0A070A:0,0.025;1,0.025;2,0.025;3,0.9;4,0.025;
06060A:0,0.9;1,0.025;2,0.025;3,0.025;4,0.025;
000802:0,0.9;1,0.025;2,0.025;3,0.025;4,0.025;
000408:0,0.025;1,0.025;2,0.025;3,0.9;4,0.025;
000B0A:0,0.025;1,0.9;2,0.025;3,0.025;4,0.025;
090B02:0,0.025;1,0.9;2,0.025;3,0.025;4,0.025;
0A0502:0,0.025;1,0.025;2,0.025;3,0.9;4,0.025;
050502:0,0.025;1,0.025;2,0.9;3,0.025;4,0.025;
000D08:0,0.025;1,0.025;2,0.025;3,0.025;4,0.9;
000102:0,0.025;1,0.9;2,0.025;3,0.025;4,0.025;
000702:0,0.025;1,0.9;2,0.025;3,0.025;4,0.025;
00070A:0,0.025;1,0.025;2,0.025;3,0.9;4,0.025;
080400:0,0.9;1,0.025;2,0.025;3,0.025;4,0.025;
090D02:0,0.025;1,0.9;2,0.025;3,0.025;4,0.025;
040E00:0,0.025;1,0.025;2,0.025;3,0.025;4,0.9;
040C00:0,0.025;1,0.025;2,0.025;3,0.025;4,0.9;
0A0002:0,0.9;1,0.025;2,0.025;3,0.025;4,0.025;
0A000A:0,0.025;1,0.9;2,0.025;3,0.025;4,0.025;
090508:0,0.025;1,0.9;2,0.025;3,0.025;4,0.025;
080800:0,0.025;1,0.9;2,0.025;3,0.025;4,0.025;
08080A:0,0.025;1,0.025;2,0.025;3,0.025;4,0.9;
020F00:0,0.9;1,0.025;2,0.025;3,0.025;4,0.025;
09000A:0,0.025;1,0.025;2,0.025;3,0.025;4,0.9;
090008:0,0.025;1,0.025;2,0.025;3,0.025;4,0.9;
06010A:0,0.025;1,0.025;2,0.9;3,0.025;4,0.025;
04010A:0,0.9;1,0.025;2,0.025;3,0.025;4,0.025;
000A08:0,0.025;1,0.025;2,0.025;3,0.025;4,0.9;
050508:0,0.9;1,0.025;2,0.025;3,0.025;4,0.025;
05060A:0,0.025;1,0.025;2,0.025;3,0.9;4,0.025;
04060A:0,0.9;1,0.025;2,0.025;3,0.025;4,0.025;
0A0A08:0,0.025;1,0.025;2,0.025;3,0.025;4,0.9;
000708:0,0.025;1,0.025;2,0.025;3,0.025;4,0.9;
060602:0,0.025;1,0.025;2,0.025;3,0.9;4,0.025;
0A0702:0,0.025;1,0.025;2,0.025;3,0.025;4,0.9;
040100:0,0.025;1,0.9;2,0.025;3,0.025;4,0.025;
090602:0,0.9;1,0.025;2,0.025;3,0.025;4,0.025;
06070A:0,0.025;1,0.9;2,0.025;3,0.025;4,0.025;
060508:0,0.9;1,0.025;2,0.025;3,0.025;4,0.025;
000A0A:0,0.025;1,0.9;2,0.025;3,0.025;4,0.025;
00080A:0,0.025;1,0.025;2,0.025;3,0.025;4,0.9;
000908:0,0.025;1,0.025;2,0.025;3,0.9;4,0.025;
00000A:0,0.025;1,0.025;2,0.025;3,0.9;4,0.025;
050008:0,0.025;1,0.025;2,0.9;3,0.025;4,0.025;
040300:0,0.025;1,0.025;2,0.025;3,0.025;4,0.9;
000F0A:0,0.025;1,0.025;2,0.9;3,0.025;4,0.025;
000E0A:0,0.9;1,0.025;2,0.025;3,0.025;4,0.025;
06000A:0,0.9;1,0.025;2,0.025;3,0.025;4,0.025;
05080A:0,0.025;1,0.025;2,0.025;3,0.9;4,0.025;
000A02:0,0.025;1,0.025;2,0.025;3,0.9;4,0.025;
0A0C00:0,0.025;1,0.025;2,0.025;3,0.9;4,0.025;
090A08:0,0.025;1,0.9;2,0.025;3,0.025;4,0.025;
000202:0,0.025;1,0.025;2,0.025;3,0.025;4,0.9;
080002:0,0.025;1,0.025;2,0.025;3,0.9;4,0.025;
00020A:0,0.025;1,0.9;2,0.025;3,0.025;4,0.025;
090C00:0,0.025;1,0.025;2,0.025;3,0.9;4,0.025;
090402:0,0.025;1,0.025;2,0.9;3,0.025;4,0.025;
000402:0,0.025;1,0.025;2,0.025;3,0.025;4,0.9;
00040A:0,0.025;1,0.025;2,0.025;3,0.9;4,0.025;
050A02:0,0.025;1,0.025;2,0.025;3,0.9;4,0.025;
050108:0,0.9;1,0.025;2,0.025;3,0.025;4,0.025;
05010A:0,0.025;1,0.9;2,0.025;3,0.025;4,0.025;
010108:0,0.025;1,0.9;2,0.025;3,0.025;4,0.025;
01010A:0,0.025;1,0.025;2,0.9;3,0.025;4,0.025;
01000A:0,0.9;1,0.025;2,0.025;3,0.025;4,0.025;
08090A:0,0.025;1,0.025;2,0.9;3,0.025;4,0.025;
0A0608:0,0.025;1,0.025;2,0.025;3,0.025;4,0.9;
09070A:0,0.9;1,0.025;2,0.025;3,0.025;4,0.025;
0A0D02:0,0.025;1,0.025;2,0.9;3,0.025;4,0.025;
010008:0,0.9;1,0.025;2,0.025;3,0.025;4,0.025;
080300:0,0.025;1,0.025;2,0.025;3,0.025;4,0.9;
0A0A0A:0,0.025;1,0.025;2,0.025;3,0.9;4,0.025;
060A08:0,0.025;1,0.9;2,0.025;3,0.025;4,0.025;
06040A:0,0.025;1,0.025;2,0.025;3,0.9;4,0.025;
060402:0,0.025;1,0.025;2,0.9;3,0.025;4,0.025;
