000600:0,0.025;1,0.025;2,0.025;3,0.025;4,0.9;
050A00:0,0.025;1,0.025;2,0.025;3,0.025;4,0.9;
060A00:0,0.9;1,0.025;2,0.025;3,0.025;4,0.025;
040A00:0,0.025;1,0.025;2,0.025;3,0.9;4,0.025;
050B00:0,0.025;1,0.025;2,0.025;3,0.9;4,0.025;
0A0600:0,0.025;1,0.025;2,0.025;3,0.9;4,0.025;
020600:0,0.025;1,0.025;2,0.9;3,0.025;4,0.025;
050600:0,0.025;1,0.025;2,0.025;3,0.025;4,0.9;
060600:0,0.025;1,0.025;2,0.9;3,0.025;4,0.025;
040600:0,0.025;1,0.025;2,0.025;3,0.025;4,0.9;
000000:0,0.9;1,0.025;2,0.025;3,0.025;4,0.025;
090D00:0,0.025;1,0.9;2,0.025;3,0.025;4,0.025;
000D00:0,0.9;1,0.025;2,0.025;3,0.025;4,0.025;
000900:0,0.025;1,0.025;2,0.025;3,0.9;4,0.025;
090900:0,0.025;1,0.025;2,0.025;3,0.025;4,0.9;
090A00:0,0.025;1,0.025;2,0.9;3,0.025;4,0.025;
010A00:0,0.9;1,0.025;2,0.025;3,0.025;4,0.025;
020A00:0,0.025;1,0.025;2,0.025;3,0.025;4,0.9;
0A0A00:0,0.025;1,0.025;2,0.9;3,0.025;4,0.025;
000A00:0,0.9;1,0.025;2,0.025;3,0.025;4,0.025;
000A08:0,0.025;1,0.025;2,0.025;3,0.9;4,0.025;
000A0A:0,0.9;1,0.025;2,0.025;3,0.025;4,0.025;
000A02:0,0.025;1,0.025;2,0.025;3,0.9;4,0.025;
060B00:0,0.9;1,0.025;2,0.025;3,0.025;4,0.025;
000500:0,0.025;1,0.025;2,0.9;3,0.025;4,0.025;
050500:0,0.025;1,0.025;2,0.025;3,0.9;4,0.025;
050700:0,0.025;1,0.025;2,0.9;3,0.025;4,0.025;
090500:0,0.025;1,0.9;2,0.025;3,0.025;4,0.025;
080500:0,0.025;1,0.025;2,0.9;3,0.025;4,0.025;
0A0500:0,0.025;1,0.025;2,0.025;3,0.9;4,0.025;
0A0D00:0,0.9;1,0.025;2,0.025;3,0.025;4,0.025;
080D00:0,0.025;1,0.025;2,0.025;3,0.025;4,0.9;
090600:0,0.025;1,0.025;2,0.025;3,0.9;4,0.025;
000E00:0,0.025;1,0.9;2,0.025;3,0.025;4,0.025;
020A0A:0,0.025;1,0.025;2,0.9;3,0.025;4,0.025;
060A0A:0,0.025;1,0.025;2,0.025;3,0.9;4,0.025;
0A0900:0,0.025;1,0.025;2,0.9;3,0.025;4,0.025;
0A090A:0,0.025;1,0.025;2,0.025;3,0.025;4,0.9;
080908:0,0.025;1,0.025;2,0.9;3,0.025;4,0.025;
0A0908:0,0.025;1,0.025;2,0.025;3,0.9;4,0.025;
080900:0,0.025;1,0.025;2,0.025;3,0.025;4,0.9;
020B00:0,0.025;1,0.025;2,0.025;3,0.9;4,0.025;
0A0B00:0,0.9;1,0.025;2,0.025;3,0.025;4,0.025;
000608:0,0.025;1,0.025;2,0.9;3,0.025;4,0.025;
00060A:0,0.9;1,0.025;2,0.025;3,0.025;4,0.025;
060500:0,0.025;1,0.9;2,0.025;3,0.025;4,0.025;
0A0E00:0,0.025;1,0.025;2,0.9;3,0.025;4,0.025;
020E00:0,0.9;1,0.025;2,0.025;3,0.025;4,0.025;
000008:0,0.025;1,0.9;2,0.025;3,0.025;4,0.025;
00000A:0,0.025;1,0.025;2,0.025;3,0.025;4,0.9;
010500:0,0.9;1,0.025;2,0.025;3,0.025;4,0.025;
0A0800:0,0.025;1,0.025;2,0.025;3,0.9;4,0.025;
0A0000:0,0.025;1,0.025;2,0.025;3,0.025;4,0.9;
020500:0,0.025;1,0.9;2,0.025;3,0.025;4,0.025;
060508:0,0.025;1,0.025;2,0.9;3,0.025;4,0.025;
06050A:0,0.025;1,0.025;2,0.025;3,0.9;4,0.025;
060502:0,0.025;1,0.025;2,0.025;3,0.025;4,0.9;
000F00:0,0.025;1,0.025;2,0.025;3,0.9;4,0.025;
090000:0,0.9;1,0.025;2,0.025;3,0.025;4,0.025;
060E00:0,0.9;1,0.025;2,0.025;3,0.025;4,0.025;
050D00:0,0.025;1,0.025;2,0.025;3,0.025;4,0.9;
050E00:0,0.025;1,0.025;2,0.9;3,0.025;4,0.025;
040900:0,0.025;1,0.9;2,0.025;3,0.025;4,0.025;
050900:0,0.025;1,0.025;2,0.025;3,0.025;4,0.9;
010900:0,0.9;1,0.025;2,0.025;3,0.025;4,0.025;
010908:0,0.025;1,0.9;2,0.025;3,0.025;4,0.025;
090700:0,0.025;1,0.025;2,0.025;3,0.025;4,0.9;
090F00:0,0.025;1,0.025;2,0.9;3,0.025;4,0.025;
080E00:0,0.025;1,0.025;2,0.025;3,0.9;4,0.025;
090200:0,0.025;1,0.025;2,0.025;3,0.9;4,0.025;
050200:0,0.025;1,0.9;2,0.025;3,0.025;4,0.025;
0A0A02:0,0.025;1,0.025;2,0.025;3,0.025;4,0.9;
000700:0,0.025;1,0.025;2,0.9;3,0.025;4,0.025;
060900:0,0.025;1,0.025;2,0.025;3,0.9;4,0.025;
060100:0,0.025;1,0.025;2,0.025;3,0.9;4,0.025;
060000:0,0.025;1,0.025;2,0.025;3,0.9;4,0.025;
050000:0,0.025;1,0.025;2,0.025;3,0.025;4,0.9;
010000:0,0.025;1,0.9;2,0.025;3,0.025;4,0.025;
000702:0,0.025;1,0.025;2,0.025;3,0.025;4,0.9;
00070A:0,0.025;1,0.9;2,0.025;3,0.025;4,0.025;
000B00:0,0.9;1,0.025;2,0.025;3,0.025;4,0.025;
090502:0,0.025;1,0.025;2,0.9;3,0.025;4,0.025;
010B00:0,0.9;1,0.025;2,0.025;3,0.025;4,0.025;
060700:0,0.025;1,0.025;2,0.025;3,0.9;4,0.025;
060400:0,0.025;1,0.9;2,0.025;3,0.025;4,0.025;
040500:0,0.025;1,0.025;2,0.9;3,0.025;4,0.025;
010700:0,0.025;1,0.9;2,0.025;3,0.025;4,0.025;
090100:0,0.025;1,0.025;2,0.9;3,0.025;4,0.025;
080400:0,0.025;1,0.9;2,0.025;3,0.025;4,0.025;
090400:0,0.025;1,0.025;2,0.025;3,0.025;4,0.9;
040000:0,0.9;1,0.025;2,0.025;3,0.025;4,0.025;
0A0400:0,0.025;1,0.025;2,0.025;3,0.9;4,0.025;
080600:0,0.025;1,0.9;2,0.025;3,0.025;4,0.025;
060702:0,0.025;1,0.9;2,0.025;3,0.025;4,0.025;
06070A:0,0.025;1,0.025;2,0.025;3,0.025;4,0.9;
000400:0,0.025;1,0.025;2,0.025;3,0.9;4,0.025;
060D00:0,0.025;1,0.025;2,0.025;3,0.9;4,0.025;
000508:0,0.025;1,0.025;2,0.9;3,0.025;4,0.025;
00050A:0,0.025;1,0.025;2,0.9;3,0.025;4,0.025;
060E0A:0,0.025;1,0.9;2,0.025;3,0.025;4,0.025;
060602:0,0.025;1,0.025;2,0.9;3,0.025;4,0.025;
040D00:0,0.025;1,0.9;2,0.025;3,0.025;4,0.025;
02050A:0,0.025;1,0.9;2,0.025;3,0.025;4,0.025;
020508:0,0.025;1,0.025;2,0.025;3,0.9;4,0.025;
000502:0,0.025;1,0.025;2,0.025;3,0.9;4,0.025;
09050A:0,0.025;1,0.025;2,0.9;3,0.025;4,0.025;
010D00:0,0.025;1,0.9;2,0.025;3,0.025;4,0.025;
05050A:0,0.025;1,0.025;2,0.9;3,0.025;4,0.025;
050502:0,0.025;1,0.025;2,0.9;3,0.025;4,0.025;
050100:0,0.025;1,0.025;2,0.025;3,0.025;4,0.9;
05010A:0,0.025;1,0.025;2,0.9;3,0.025;4,0.025;
090002:0,0.025;1,0.025;2,0.025;3,0.025;4,0.9;
020900:0,0.9;1,0.025;2,0.025;3,0.025;4,0.025;
060200:0,0.025;1,0.025;2,0.025;3,0.9;4,0.025;
020200:0,0.025;1,0.9;2,0.025;3,0.025;4,0.025;
080A00:0,0.025;1,0.025;2,0.9;3,0.025;4,0.025;
020000:0,0.025;1,0.025;2,0.9;3,0.025;4,0.025;
010100:0,0.025;1,0.9;2,0.025;3,0.025;4,0.025;
000200:0,0.025;1,0.9;2,0.025;3,0.025;4,0.025;
0A0200:0,0.025;1,0.025;2,0.025;3,0.9;4,0.025;
09060A:0,0.025;1,0.025;2,0.025;3,0.025;4,0.9;
090608:0,0.025;1,0.025;2,0.025;3,0.025;4,0.9;
09000A:0,0.9;1,0.025;2,0.025;3,0.025;4,0.025;
05000A:0,0.9;1,0.025;2,0.025;3,0.025;4,0.025;
050002:0,0.025;1,0.025;2,0.025;3,0.9;4,0.025;
010600:0,0.025;1,0.025;2,0.025;3,0.025;4,0.9;
000708:0,0.025;1,0.025;2,0.025;3,0.9;4,0.025;
000602:0,0.025;1,0.025;2,0.025;3,0.9;4,0.025;
000100:0,0.025;1,0.9;2,0.025;3,0.025;4,0.025;
06060A:0,0.025;1,0.9;2,0.025;3,0.025;4,0.025;
090B00:0,0.025;1,0.025;2,0.025;3,0.025;4,0.9;
080B00:0,0.025;1,0.9;2,0.025;3,0.025;4,0.025;
06090A:0,0.025;1,0.9;2,0.025;3,0.025;4,0.025;
05090A:0,0.025;1,0.025;2,0.025;3,0.9;4,0.025;
060902:0,0.025;1,0.025;2,0.9;3,0.025;4,0.025;
040100:0,0.025;1,0.025;2,0.9;3,0.025;4,0.025;
090E00:0,0.025;1,0.025;2,0.9;3,0.025;4,0.025;
080F00:0,0.025;1,0.025;2,0.025;3,0.025;4,0.9;
0A0F00:0,0.025;1,0.9;2,0.025;3,0.025;4,0.025;
000902:0,0.025;1,0.025;2,0.025;3,0.025;4,0.9;
05060A:0,0.025;1,0.9;2,0.025;3,0.025;4,0.025;
050508:0,0.025;1,0.9;2,0.025;3,0.025;4,0.025;
05070A:0,0.9;1,0.025;2,0.025;3,0.025;4,0.025;
000D08:0,0.9;1,0.025;2,0.025;3,0.025;4,0.025;
09090A:0,0.025;1,0.025;2,0.9;3,0.025;4,0.025;
000E02:0,0.025;1,0.025;2,0.025;3,0.025;4,0.9;
080700:0,0.025;1,0.025;2,0.9;3,0.025;4,0.025;
080608:0,0.025;1,0.9;2,0.025;3,0.025;4,0.025;
0A060A:0,0.025;1,0.9;2,0.025;3,0.025;4,0.025;
0A0608:0,0.025;1,0.9;2,0.025;3,0.025;4,0.025;
010002:0,0.025;1,0.025;2,0.9;3,0.025;4,0.025;
0A0A08:0,0.025;1,0.025;2,0.025;3,0.9;4,0.025;
020A08:0,0.025;1,0.025;2,0.025;3,0.025;4,0.9;
040502:0,0.025;1,0.025;2,0.9;3,0.025;4,0.025;
040700:0,0.025;1,0.025;2,0.025;3,0.9;4,0.025;
080000:0,0.025;1,0.025;2,0.025;3,0.9;4,0.025;
060608:0,0.025;1,0.025;2,0.025;3,0.025;4,0.9;
000800:0,0.025;1,0.025;2,0.025;3,0.9;4,0.025;
020E0A:0,0.025;1,0.9;2,0.025;3,0.025;4,0.025;
00090A:0,0.025;1,0.9;2,0.025;3,0.025;4,0.025;
000908:0,0.9;1,0.025;2,0.025;3,0.025;4,0.025;
010F00:0,0.025;1,0.025;2,0.025;3,0.025;4,0.9;
040508:0,0.025;1,0.025;2,0.025;3,0.025;4,0.9;
050800:0,0.025;1,0.025;2,0.025;3,0.025;4,0.9;
090800:0,0.025;1,0.025;2,0.025;3,0.025;4,0.9;
08060A:0,0.025;1,0.025;2,0.9;3,0.025;4,0.025;
01060A:0,0.025;1,0.025;2,0.9;3,0.025;4,0.025;
06000A:0,0.9;1,0.025;2,0.025;3,0.025;4,0.025;
